   0.0000000       30.000000000000000        4.0000000000000000     
  5.00000000000000028E-002   30.492000013589859        3.9779999978840350     
  0.10000000000000001        30.992672569257813        3.9583717482566927     
  0.15000000000000002        31.502113567081512        3.9411194736675523     
  0.20000000000000001        32.020417618704769        3.9262513248763136     
  0.25000000000000000        32.547677799103795        3.9137795079853519     
  0.30000000000000004        33.083985378758712        3.9037204251809086     
  0.35000000000000003        33.629429534674863        3.8960948300254117     
  0.40000000000000002        34.184097038574876        3.8909279983237650     
  0.45000000000000001        34.748071920448830        3.8882499156734651     
  0.50000000000000000        35.321435105505024        3.8880954829026173     
  0.55000000000000004        35.904264022407418        3.8905047407018452     
  0.60000000000000009        36.496632180516187        3.8955231148662466     
  0.65000000000000002        37.098608713665008        3.9032016836825343     
  0.70000000000000007        37.710257887810563        3.9135974691248796     
  0.75000000000000000        38.331638569676308        3.9267737536613212     
  0.80000000000000004        38.962803653281924        3.9428004246215389     
  0.85000000000000009        39.603799441001442        3.9617543482368549     
  0.90000000000000002        40.254664975525245        3.9837197756350919     
  0.95000000000000007        40.915431318813425        4.0087887832568958     
   1.0000000000000000        41.586120773818443        4.0370617503567354     
   1.0500000000000000        42.266746044423314        4.0686478764613963     
   1.1000000000000001        42.957309328686115        4.1036657418815796     
   1.1500000000000001        43.657801340101841        4.1422439146082333     
   1.2000000000000002        44.368200251187659        4.1845216071742897     
   1.2500000000000000        45.088470553266909        4.2306493873240409     
   1.3000000000000000        45.818561825870624        4.2807899466055730     
   1.3500000000000001        46.558407408693171        4.3351189312851366     
   1.4000000000000001        47.307922968531145        4.3938258402740367     
   1.4500000000000002        48.067004953103918        4.4571149950559104     
   1.5000000000000000        48.835528923101876        4.5252065869013824     
   1.5500000000000000        49.613347753238017        4.5983378069533254     
   1.6000000000000001        50.400289692494582        4.6767640650530229     
   1.6500000000000001        51.196156273165151        4.7607603034476256     
   1.7000000000000002        52.000720057702090        4.8506224117624148     
   1.7500000000000000        52.813722211800226        4.9466687498251369     
   1.8000000000000000        53.634869891593283        5.0492417850787472     
   1.8500000000000001        54.463833432327284        5.1587098513943133     
   1.9000000000000001        55.300243325425832        5.2754690360745640     
   1.9500000000000002        56.143686970502181        5.3999452016925087     
   2.0000000000000000        56.993705188634657        5.5325961491047773     
   2.0500000000000003        57.849788483144501        5.6739139274750352     
   2.1000000000000001        58.711373034246378        5.8244272963901773     
   2.1499999999999999        59.577836414338940        5.9847043440928740     
   2.2000000000000002        60.448493011434849        6.1553552644195930     
   2.2500000000000000        61.322589149378430        6.3370352931423914     
   2.3000000000000003        62.199297895161394        6.5304478019705785     
   2.3500000000000001        63.077713545937243        6.7363475453643140     
   2.4000000000000004        63.956845791385909        6.9555440514185438     
   2.4500000000000002        64.835613551046677        7.1889051432458349     
   2.5000000000000000        65.712838491297774        7.4373605713539002     
   2.5500000000000003        66.587238233018326        7.7019057302900924     
   2.6000000000000001        67.457419268852576        7.9836054241018379     
   2.6500000000000004        68.321869618665033        8.2835976347092579     
   2.7000000000000002        69.178951263511607        8.6030972348563779     
   2.7500000000000000        70.026892412563967        8.9433995726387359     
   2.8000000000000003        70.863779674240632        9.3058838374294517     
   2.8500000000000001        71.687550222656881        9.6920160970786498     
   2.9000000000000004        72.495984073746797        10.103351873297447     
   2.9500000000000002        73.286696612356408        10.541538095953378     
   3.0000000000000000        74.057131542536609        11.008314247464382     
   3.0500000000000003        74.804554468385660        11.505512475555509     
   3.1000000000000001        75.526047352193672        12.035056416463245     
   3.1500000000000004        76.218504140245415        12.598958431578492     
   3.2000000000000002        76.878627894127078        13.199314919139219     
   3.2500000000000000        77.502929816122219        13.838299319919168     
   3.3000000000000003        78.087730610224995        14.518152393382492     
   3.3500000000000001        78.629164673876630        15.241169300538235     
   3.4000000000000004        79.123187667538119        16.009682994478517     
   3.4500000000000002        79.565588056683723        16.826043392868645     
   3.5000000000000000        79.952003259899158        17.692591792921192     
   3.5500000000000003        80.277941062695618        18.611629994029776     
   3.6000000000000001        80.538806963593018        19.585383622617403     
   3.6500000000000004        80.729938100178998        20.615959215088019     
   3.7000000000000002        80.846644350544068        21.705294715922836     
   3.7500000000000000        80.884257111455625        22.855103197056092     
   3.8000000000000003        80.838186110441583        24.066809809477597     
   3.8500000000000001        80.703984406700442        25.341482245134749     
   3.9000000000000004        80.477421468963101        26.679755320943080     
   3.9500000000000002        80.154563883225222        28.081750697702365     
   4.0000000000000000        79.731862839756943        29.546993210376911     
   4.0499999999999998        79.206247082606964        31.074325801089710     
   4.1000000000000005        78.575219488627965        32.661825592451294     
   4.1500000000000004        77.836954897904704        34.306724187071723     
   4.2000000000000002        76.990396273597142        36.005335789839663     
   4.2500000000000000        76.035345766030858        37.752997173968510     
   4.2999999999999998        74.972546840782002        39.544023793824117     
   4.3500000000000005        73.803753356263329        41.371686427706535     
   4.4000000000000004        72.531781396742403        43.228212554963264     
   4.4500000000000002        71.160539830881362        45.104816186696709     
   4.5000000000000000        69.695036011123079        46.991759048659191     
   4.5499999999999998        68.141353773793156        48.878444856014625     
   4.6000000000000005        66.506601936054025        50.753546953358295     
   4.6500000000000004        64.798832775707737        52.605167888197506     
   4.7000000000000002        63.026931453186045        54.421027647627781     
   4.7500000000000000        61.200478892678355        56.188675452984661     
   4.8000000000000007        59.329592160538418        57.895718332038605     
   4.8500000000000005        57.424747733677187        59.530058331879637     
   4.9000000000000004        55.496594113856247        61.080129340383877     
   4.9500000000000002        53.555760912218759        62.535124156327477     
   5.0000000000000000        51.612671734039893        63.885202741908415     
   5.0500000000000007        49.677367913846645        65.121673498971347     
   5.1000000000000005        47.759349412048678        66.237140861037773     
   5.1500000000000004        45.867438058090720        67.225614361789695     
   5.2000000000000002        44.009666919994068        68.082576462195561     
   5.2500000000000000        42.193198025754604        68.805008609954285     
   5.3000000000000007        40.424269093220040        69.391377087494163     
   5.3500000000000005        38.708168465689120        69.841582024057857     
   5.4000000000000004        37.049236200670521        70.156874388841473     
   5.4500000000000002        35.450888287128926        70.339746779163761     
   5.5000000000000000        33.915660305354770        70.393804352640132     
   5.5500000000000007        32.445266493643459        70.323622351342536     
   5.6000000000000005        31.040670120395617        70.134596388658409     
   5.6500000000000004        29.702161232924194        69.832791097281174     
   5.7000000000000002        28.429438208329891        69.424791959996540     
   5.7500000000000000        27.221690007598930        68.917564252753664     
   5.8000000000000007        26.077676575397028        68.318322101451074     
   5.8500000000000005        24.995805386558736        67.634409754780037     
   5.9000000000000004        23.974202677938553        66.873196353269364     
   5.9500000000000002        23.010778393970849        66.041984760421656     
   6.0000000000000000        22.103284299166848        65.147934431460513     
   6.0500000000000007        21.249365062908932        64.197997832267873     
   6.1000000000000005        20.446602400330725        63.198869579843873     
   6.1500000000000004        19.692552561890235        62.156947244085792     
   6.2000000000000002        18.984777610797735        61.078302613304267     
   6.2500000000000000        18.320871020833643        59.968662165710782     
   6.3000000000000007        17.698478176929527        58.833395489348405     
   6.3500000000000005        17.115312376555686        57.677510438098764     
   6.4000000000000004        16.569166920008353        56.505653887890460     
   6.4500000000000002        16.057923849546324        55.322117053659113     
   6.5000000000000000        15.579559857181557        54.130844434793680     
   6.5500000000000007        15.132149833749107        52.935445567662832     
   6.6000000000000005        14.713868481506500        51.739208873117832     
   6.6500000000000004        14.322990361789516        50.545116990956437     
   6.7000000000000002        13.957888700194886        49.355863089830656     
   6.7500000000000000        13.617033225709843        48.173867728625261     
   6.8000000000000007        13.298987277972600        47.001295923325017     
   6.8500000000000005        13.002404378833271        45.840074141786602     
   6.9000000000000004        12.726024430704515        44.691907007983843     
   6.9500000000000002        12.468669674751821        43.558293547801426     
   7.0000000000000000        12.229240516545618        42.440542851060478     
   7.0500000000000007        12.006711305068817        41.339789059986749     
   7.1000000000000005        11.800126132588627        40.257005623610340     
   7.1500000000000004        11.608594707490468        39.193018781423447     
   7.2000000000000002        11.431288339370100        38.148520258778696     
   7.2500000000000000        11.267436065141048        37.124079171682148     
   7.3000000000000007        11.116320936318020        36.120153150447933     
   7.3500000000000005        10.977276480693121        35.137098700690942     
   7.4000000000000004        10.849683346071824        34.175180826824011     
   7.4500000000000002        10.732966129353031        33.234581948015489     
   7.5000000000000000        10.626590390824486        32.315410139809764     
   7.5500000000000007        10.530059850931872        31.417706736620794     
   7.6000000000000005        10.442913764822000        30.541453331332001     
   7.6500000000000004        10.364724468535146        29.686578208487639     
   7.7000000000000002        10.295095089725606        28.852962247217583     
   7.7500000000000000        10.233657415136845        28.040444329243794     
   7.8000000000000007        10.180069906676675        27.248826286190784     
   7.8500000000000005        10.134015857769743        26.477877419060171     
   7.9000000000000004        10.095201681660761        25.727338621207043     
   7.9500000000000002        10.063355323462902        24.996926134535084     
   8.0000000000000000        10.038224787959630        24.286334966955724     
   8.0500000000000007        10.019576775449085        23.595241997471714     
   8.0999999999999996        10.007195418247466        22.923308793575725     
   8.1500000000000004        10.000881110825237        22.270184164021749     
   8.2000000000000011        10.000449426924630        21.635506468446287     
   8.2500000000000000        10.005730117388877        21.018905703799419     
   8.3000000000000007        10.016566182815064        20.420005386099600     
   8.3499999999999996        10.032813015517991        19.838424244655325     
   8.4000000000000004        10.054337605657356        19.273777744603887     
   8.4500000000000011        10.081017806732159        18.725679452402559     
   8.5000000000000000        10.112741655982305        18.193742257770278     
   8.5500000000000007        10.149406745556535        17.677579464516011     
   8.5999999999999996        10.190919640607534        17.176805761701353     
   8.6500000000000004        10.237195340758841        16.691038085666182     
   8.7000000000000011        10.288156781654228        16.219896382594285     
   8.7500000000000000        10.343734373548896        15.763004280506957     
   8.8000000000000007        10.403865574133521        15.319989678843317     
   8.8499999999999996        10.468494492997705        14.890485263112586     
   8.9000000000000004        10.537571525339350        14.474128951482284     
   8.9500000000000011        10.611053012711841        14.070564279593867     
   9.0000000000000000        10.688900928772300        13.679440729370093     
   9.0500000000000007        10.771082588152696        13.300414007093368     
   9.0999999999999996        10.857570376721780        12.933146275588259     
   9.1500000000000004        10.948341501640744        12.577306344931424     
   9.2000000000000011        11.043377759739801        12.232569825735615     
   9.2500000000000000        11.142665322857338        11.898619248708650     
   9.3000000000000007        11.246194538888677        11.575144153870857     
   9.3499999999999996        11.353959747388402        11.261841152523294     
   9.4000000000000004        11.465959108659339        10.958413964791902     
   9.4500000000000011        11.582194445343200        10.664573435327824     
   9.5000000000000000        11.702671095603185        10.380037529519518     
   9.5500000000000007        11.827397777058007        10.104531312366451     
   9.6000000000000014        11.956386460690309        9.8377869119755594     
   9.6500000000000004        12.089652254010769        9.5795434694687955     
   9.7000000000000011        12.227213292812689        9.3295470769318207     
   9.7500000000000000        12.369090640901037        9.0875507048889101     
   9.8000000000000007        12.515308197224934        8.8533141206564334     
   9.8500000000000014        12.665892609883915        8.6266037988057391     
   9.9000000000000004        12.820873196516207        8.4071928248551195     
   9.9500000000000011        12.980281870611948        8.1948607932088091     
   10.000000000000000        13.144153073326121        7.9893937002679163     
   10.050000000000001        13.312523710395009        7.7905838335531712     
   10.100000000000001        13.485433093786682        7.5982296576016060     
   10.150000000000000        13.662922887740276        7.4121356973283063     
   10.200000000000001        13.845037058871053        7.2321124194795292     
   10.250000000000000        14.031821830038458        7.0579761127443366     
   10.300000000000001        14.223325637692774        6.8895487670379447     
   10.350000000000001        14.419599092432717        6.7266579524208634     
   10.400000000000000        14.620694942521403        6.5691366980731392     
   10.450000000000001        14.826668040121801        6.4168233717023684     
   10.500000000000000        15.037575310025050        6.2695615597271788     
   10.550000000000001        15.253475720656038        6.1271999485443924     
   10.600000000000001        15.474430257150360        5.9895922071577585     
   10.650000000000000        15.700501896305433        5.8565968714187404     
   10.700000000000001        15.931755583216090        5.7280772301051623     
   10.750000000000000        16.168258209411430        5.6039012130413282     
   10.800000000000001        16.410078592315262        5.4839412814433670     
   10.850000000000001        16.657287455856995        5.3680743206558432     
   10.900000000000000        16.909957412063488        5.2561815354299553     
   10.950000000000001        17.168162943465092        5.1481483478798191     
   11.000000000000000        17.431980386151000        5.0438642982412061     
   11.050000000000001        17.701487913310004        4.9432229485466577     
   11.100000000000001        17.976765519092918        4.8461217893219537     
   11.150000000000000        18.257895002632221        4.7524621494014339     
   11.200000000000001        18.544959952052892        4.6621491089535532     
   11.250000000000000        18.838045728306039        4.5750914158032545     
   11.300000000000001        19.137239448653560        4.4912014051341922     
   11.350000000000001        19.442629969627941        4.4103949226514807     
   11.400000000000000        19.754307869286123        4.3325912512844811     
   11.450000000000001        20.072365428570315        4.2577130415090751     
   11.500000000000000        20.396896611581578        4.1856862453699746     
   11.550000000000001        20.727997044563846        4.1164400542857704     
   11.600000000000001        21.065763993386895        4.0499068407227314     
   11.650000000000000        21.410296339306374        3.9860221038277306     
   11.700000000000001        21.761694552767491        3.9247244191161950     
   11.750000000000000        22.120060665005987        3.8659553923176158     
   11.800000000000001        22.485498237185869        3.8096596174889772     
   11.850000000000001        22.858112326797603        3.7557846395154795     
   11.900000000000000        23.238009451023121        3.7042809211282299     
   11.950000000000001        23.625297546755075        3.6551018145801670     
   12.000000000000000        24.020085926936808        3.6082035381344757     
   12.050000000000001        24.422485232866840        3.5635451575342083     
   12.100000000000001        24.832607382086593        3.5210885726378436     
   12.150000000000000        25.250565511442943        3.4807985094231837     
   12.200000000000001        25.676473914887371        3.4426425175814646     
   12.250000000000000        26.110447975541124        3.4065909739449163     
   12.300000000000001        26.552604091520344        3.3726170920144538     
   12.350000000000001        27.003059594976651        3.3406969378798408     
   12.400000000000000        27.461932663766600        3.3108094528527436     
   12.450000000000001        27.929342225117665        3.2829364831637871     
   12.500000000000000        28.405407850608523        3.2570628171082432     
   12.550000000000001        28.890249641727088        3.2331762300616105     
   12.600000000000001        29.383988105210516        3.2112675378263091     
   12.650000000000000        29.886744017306899        3.1913306588143602     
   12.700000000000001        30.398638276028120        3.1733626856185455     
   12.750000000000000        30.919791740386675        3.1573639665765278     
   12.800000000000001        31.450325055525880        3.1433381979891597     
   12.850000000000001        31.990358462561833        3.1312925277161265     
   12.900000000000000        32.540011591856370        3.1212376709396827     
   12.950000000000001        33.099403238332130        3.1131880389610220     
   13.000000000000000        33.668651117322931        3.1071618819743709     
   13.050000000000001        34.247871599324171        3.1031814468518393     
   13.100000000000001        34.837179421867752        3.1012731510680385     
   13.150000000000000        35.436687376593198        3.1014677739982766     
   13.200000000000001        36.046505969419918        3.1038006669385036     
   13.250000000000000        36.666743051543804        3.1083119833200197     
   13.300000000000001        37.297503418783045        3.1150469307281612     
   13.350000000000001        37.938888376581872        3.1240560464827909     
   13.400000000000000        38.590995267745399        3.1353954987004675     
   13.450000000000001        39.253916959721572        3.1491274149348483     
   13.500000000000000        39.927741287966533        3.1653202406843808     
   13.550000000000001        40.612550451624507        3.1840491302659695     
   13.600000000000001        41.308420357421390        3.2053963727814097     
   13.650000000000000        42.015419907309536        3.2294518561514067     
   13.700000000000001        42.733610225008235        3.2563135724613685     
   13.750000000000000        43.463043816156883        3.2860881681553966     
   13.800000000000001        44.203763656333763        3.3188915429314911     
   13.850000000000001        44.955802200689803        3.3548495015333955     
   13.900000000000000        45.719180308401079        3.3940984630041431     
   13.950000000000001        46.493906074553344        3.4367862323645175     
   14.000000000000000        47.279973561434119        3.4830728401073654     
   14.050000000000001        48.077361420519971        3.5331314553568345     
   14.100000000000001        48.886031395706709        3.5871493790305333     
   14.150000000000000        49.705926697536114        3.6453291238622008     
   14.200000000000001        50.536970237323196        3.7078895886918799     
   14.250000000000000        51.379062709182428        3.7750673350080217     
   14.300000000000001        52.232080506989718        3.8471179743283961     
   14.350000000000001        53.095873462301512        3.9243176756296010     
   14.400000000000000        53.970262388186043        4.0069648026718419     
   14.450000000000001        54.855036412810222        4.0953816917074919     
   14.500000000000000        55.749950085477536        4.1899165806967078     
   14.550000000000001        56.654720236639214        4.2909457017651436     
   14.600000000000001        57.569022572219239        4.3988755492070419     
   14.650000000000000        58.492487981425555        4.5141453358352450     
   14.700000000000001        59.424698536093558        4.6372296508745423     
   14.750000000000000        60.365183158560356        4.7686413328442265     
   14.800000000000001        61.313412934147188        4.9089345709273591     
   14.850000000000001        62.268796043591379        5.0587082481131391     
   14.900000000000000        63.230672290293583        5.2186095388451266     
   14.950000000000001        64.198307197122389        5.3893377729143159     
   15.000000000000000        65.170885647860828        5.5716485757835876     
   15.050000000000001        66.147505049326213        5.7663582932757231     
   15.100000000000001        67.127167991915371        5.9743487054290219     
   15.150000000000000        68.108774389024219        6.1965720301176272     
   15.200000000000001        69.091113079707682        6.4340562115051245     
   15.250000000000000        70.072852884371997        6.6879104812643790     
   15.300000000000001        71.052533110567595        6.9593311714211046     
   15.350000000000001        72.028553515475508        7.2496077462789446     
   15.400000000000000        72.999163743914835        7.5601290067207616     
   15.450000000000001        73.962452276172144        7.8923894027590364     
   15.500000000000000        74.916334939262100        8.2479953689777172     
   15.550000000000001        75.858543059037999        8.6286715718693454     
   15.600000000000001        76.786611359606681        9.0362669273880254     
   15.650000000000000        77.697865751539894        9.4727602106566398     
   15.700000000000001        78.589411192212125        9.9402650370450338     
   15.750000000000000        79.458119851023554        10.441033944193777     
   15.800000000000001        80.300619870010848        10.977461247539347     
   15.850000000000001        81.113285076995581        11.552084277257892     
   15.900000000000000        81.892226084319176        12.167582532373320     
   15.950000000000001        82.633283291339410        12.826774208639977     
   16.000000000000000        83.332022402650338        13.532609471949209     
   16.050000000000001        83.983733175114210        14.288159760560990     
   16.100000000000001        84.583432212931257        15.096602310732804     
   16.150000000000002        85.125870737493642        15.961199016084127     
   16.199999999999999        85.605548362420834        16.885268657861477     
   16.250000000000000        86.016733996750943        17.872151489821981     
   16.300000000000001        86.353495071296066        18.925165138759713     
   16.350000000000001        86.609736322693266        20.047550803295245     
   16.400000000000002        86.779249362138572        21.242408815432704     
   16.449999999999999        86.855774184180234        22.512622789668217     
   16.500000000000000        86.833073616323347        23.860771842543482     
   16.550000000000001        86.705021452648623        25.289030740888435     
   16.600000000000001        86.465704634878094        26.799058346921733     
   16.650000000000002        86.109539325953733        28.391875385296192     
   16.699999999999999        85.631400053829850        30.067733364957949     
   16.750000000000000        85.026760286141936        31.825977438352453     
   16.800000000000001        84.291841842974989        33.664907045598511     
   16.850000000000001        83.423769496584157        35.581639323449373     
   16.900000000000002        82.420725996874040        37.571981384752419     
   16.949999999999999        81.282101676765606        39.630318594192545     
   17.000000000000000        80.008631832415062        41.749526757277494     
   17.050000000000001        78.602514358371451        43.920916562393600     
   17.100000000000001        77.067499775461030        46.134218527373065     
   17.150000000000002        75.408945943287520        48.377615974126357     
   17.199999999999999        73.633830500893268        50.637832096516867     
   17.250000000000000        71.750715486340326        52.900274968164652     
   17.300000000000001        69.769660643953813        55.149241411539393     
   17.350000000000001        67.702084554449954        57.368177167569463     
   17.400000000000002        65.560575752991397        59.539987013887355     
   17.449999999999999        63.358659192761763        61.647384709867708     
   17.500000000000000        61.110526472663715        63.673269277109867     
   17.550000000000001        58.830740864098694        65.601111535694400     
   17.600000000000001        56.533930054598983        67.415333335917921     
   17.650000000000002        54.234480454720632        69.101661771150646     
   17.699999999999999        51.946246772930543        70.647441900917173     
   17.750000000000000        49.682289360276982        72.041894059464639     
   17.800000000000001        47.454649696905989        73.276305422879346     
   17.850000000000001        45.274171575274245        74.344149785725634     
   17.900000000000002        43.150372336961297        75.241134019476704     
   17.949999999999999        41.091365269150572        75.965174011302295     
   18.000000000000000        39.103831265986884        76.516306632536512     
   18.050000000000001        37.193035349593011        76.896547183519104     
   18.100000000000001        35.362881780582470        77.109703654044068     
   18.150000000000002        33.616000331370032        77.161160002638027     
   18.199999999999999        31.953855826313525        77.057640579588792     
   18.250000000000000        30.376873184102827        76.806966963984422     
   18.300000000000001        28.884570801622907        76.417817064248140     
   18.350000000000001        27.475696049032976        75.899494565685742     
   18.400000000000002        26.148357760330580        75.261714901886222     
   18.449999999999999        24.900151777355646        74.514412049297150     
   18.500000000000000        23.728276739543034        73.667568722130511     
   18.550000000000001        22.629638337497227        72.731071059216319     
   18.600000000000001        21.600941124185617        71.714587686239597     
   18.650000000000002        20.638767685403685        70.627472113816367     
   18.699999999999999        19.739645511488948        69.478686777963631     
   18.750000000000000        18.900102297896357        68.276746613238956     
   18.800000000000001        18.116710653480411        67.029679830789064     
   18.850000000000001        17.386123335776233        65.745003512212307     
   18.900000000000002        16.705100186161534        64.429711685832174     
   18.949999999999999        16.070527926752973        63.090273689380446     
   19.000000000000000        15.479433924650229        61.732640812483154     
   19.050000000000001        14.928994943772864        60.362259429942860     
   19.100000000000001        14.416541802768807        58.984089064478631     
   19.150000000000002        13.939560748938975        57.602624042193639     
   19.200000000000003        13.495692249759973        56.221917616671419     
   19.250000000000000        13.082727800112250        54.845607632712486     
   19.300000000000001        12.698605247691255        53.476942975361382     
   19.350000000000001        12.341403052911600        52.118810202992073     
   19.400000000000002        12.009333823550119        50.773759895101193     
   19.450000000000003        11.700737398372741        49.444032357262152     
   19.500000000000000        11.414073697565277        48.131582419102159     
   19.550000000000001        11.147915510181919        46.838103138126250     
   19.600000000000001        10.900941349140538        45.565048284757779     
   19.650000000000002        10.671928471585204        44.313653534080132     
   19.700000000000003        10.459746135772154        43.084956329315830     
   19.750000000000000        10.263349144136757        41.879814412766656     
   19.800000000000001        10.081771705062124        40.698923043275769     
   19.850000000000001        9.9141216323771193        39.542830936582249     
   19.900000000000002        9.7595748911333988        38.411954977358725     
   19.950000000000003        9.6173704902040598        37.306593760220835     
   20.000000000000000        9.4868057162473800        36.226940022385016     
   20.050000000000001        9.3672316991968749        35.173092033604348     
   20.100000000000001        9.2580492963469485        34.145064010086152     
   20.150000000000002        9.1587052800312456        33.142795618744380     
   20.200000000000003        9.0686888126160792        32.166160636731085     
   20.250000000000000        8.9875281918725882        31.214974829019134     
   20.300000000000001        8.9147878496017476        30.289003104106925     
   20.350000000000001        8.8500655865478493        29.387966004868936     
   20.400000000000002        8.7929900270543300        28.511545588326999     
   20.450000000000003        8.7432182775162168        27.659390744776250     
   20.500000000000000        8.7004337734073065        26.831122003349851     
   20.550000000000001        8.6643443004619254        26.026335867809856     
   20.600000000000001        8.6346801764355856        25.244608723152481     
   20.650000000000002        8.6111925807294920        24.485500350545873     
   20.700000000000003        8.5936520200206949        23.748557085198009     
   20.750000000000000        8.5818469188781474        23.033314648993972     
   20.800000000000001        8.5755823251547518        22.339300687151933     
   20.850000000000001        8.5746787207195148        21.666037035727211     
   20.900000000000002        8.5789709288276956        21.013041744541862     
   20.950000000000003        8.5883071101177961        20.379830878028940     
   21.000000000000000        8.6025478398712938        19.765920114549367     
   21.050000000000001        8.6215652597741990        19.170826162958207     
   21.100000000000001        8.6452422979796957        18.594068013557500     
   21.150000000000002        8.6734719517896348        18.035168039066242     
   21.200000000000003        8.7061566277514100        17.493652959855989     
   21.250000000000000        8.7432075344077038        16.969054686434180     
   21.300000000000001        8.7845441233420178        16.460911050998227     
   21.350000000000001        8.8300935745350468        15.968766438823629     
   21.400000000000002        8.8797903223880699        15.492172329281143     
   21.450000000000003        8.9335756190818980        15.030687755393997     
   21.500000000000000        8.9913971322256181        14.583879690039447     
   21.550000000000001        9.0532085740105561        14.151323366163302     
   21.600000000000001        9.1189693593234598        13.732602537705251     
   21.650000000000002        9.1886442904906804        13.327309687321543     
   21.700000000000003        9.2622032665239828        12.935046186434615     
   21.750000000000000        9.3396210149199295        12.555422412631859     
   21.800000000000001        9.4208768442302784        12.188057828973719     
   21.850000000000001        9.5059544157716758        11.832581029350454     
   21.900000000000002        9.5948415329805812        11.488629753643901     
   21.950000000000003        9.6875299470448137        11.155850876101669     
   22.000000000000000        9.7840151775575777        10.833900370013810     
   22.050000000000001        9.8842963470441898        10.522443251492891     
   22.100000000000001        9.9883760283069272        10.221153504895401     
   22.150000000000002        10.096260103620265        9.9297139921829327     
   22.200000000000003        10.207957634888020        9.6478163483037100     
   22.250000000000000        10.323480743946178        9.3751608644767082     
   22.300000000000001        10.442844502261213        9.1114563610801351     
   22.350000000000001        10.566066829333918        8.8564200516818374     
   22.400000000000002        10.693168399173755        8.6097773995998192     
   22.450000000000003        10.824172554258961        8.3712619682451024     
   22.500000000000000        10.959105226443505        8.1406152663755407     
   22.550000000000001        11.097994864313875        7.9175865892767749     
   22.600000000000001        11.240872366536937        7.7019328567842447     
   22.650000000000002        11.387771020775077        7.4934184489672395     
   22.700000000000003        11.538726447776748        7.2918150402115032     
   22.750000000000000        11.693776550279756        7.0969014323601485     
   22.800000000000001        11.852961466391193        6.9084633875029429     
   22.850000000000001        12.016323527132334        6.7262934609407425     
   22.900000000000002        12.183907217858952        6.5501908347944520     
   22.950000000000003        12.355759143287814        6.3799611526758051     
   23.000000000000000        12.531927995878561        6.2154163557901114     
   23.050000000000001        12.712464527337026        6.0563745207983732     
   23.100000000000001        12.897421523021332        5.9026596997275513     
   23.150000000000002        13.086853779046058        5.7541017621828390     
   23.200000000000003        13.280818081892340        5.6105362400842829     
   23.250000000000000        13.479373190343237        5.4718041751217070     
   23.300000000000001        13.682579819573968        5.3377519690963329     
   23.350000000000001        13.890500627235916        5.2082312372945614     
   23.400000000000002        14.103200201381600        5.0830986650188290     
   23.450000000000003        14.320745050085199        4.9622158673821044     
   23.500000000000000        14.543203592619758        4.8454492524562527     
   23.550000000000001        14.770646152057962        4.7326698878500038     
   23.600000000000001        15.003144949168293        4.6237533707794833     
   23.650000000000002        15.240774097482671        4.5185797016830493     
   23.700000000000003        15.483609599415191        4.4170331614224185     
   23.750000000000000        15.731729343314445        4.3190021921036381     
   23.800000000000001        15.985213101334143        4.2243792815442962     
   23.850000000000001        16.244142528008300        4.1330608514073326     
   23.900000000000002        16.508601159418255        4.0449471490168794     
   23.950000000000003        16.778674412839045        3.9599421428676371     
   24.000000000000000        17.054449586752476        3.8779534218363176     
   24.050000000000001        17.336015861113236        3.7988920981016050     
   24.100000000000001        17.623464297752946        3.7226727137778770     
   24.150000000000002        17.916887840804861        3.6492131512675239     
   24.200000000000003        18.216381317029118        3.5784345473370816     
   24.250000000000000        18.522041435915021        3.5102612109235585     
   24.300000000000001        18.833966789432633        3.4446205446792151     
   24.350000000000001        19.152257851301115        3.3814429702656899     
   24.400000000000002        19.477016975635642        3.3206618574117179     
   24.450000000000003        19.808348394828286        3.2622134567527707     
   24.500000000000000        20.146358216511047        3.2060368364757683     
   24.550000000000001        20.491154419441088        3.1520738227975769     
   24.600000000000001        20.842846848139168        3.1002689443123472     
   24.650000000000002        21.201547206102205        3.0505693802498786     
   24.700000000000003        21.567369047399804        3.0029249126951525     
   24.750000000000000        21.940427766452220        2.9572878828280116     
   24.800000000000001        22.320840585773816        2.9136131512516990     
   24.850000000000001        22.708726541451114        2.8718580624897041     
   24.900000000000002        23.104206466108291        2.8319824137421064     
   24.950000000000003        23.507402969095093        2.7939484280054860     
   25.000000000000000        23.918440413612533        2.7577207316745405     
   25.050000000000001        24.337444890470390        2.7232663367588947     
   25.100000000000001        24.764544188147060        2.6905546278653714     
   25.150000000000002        25.199867758796714        2.6595573541142463     
   25.200000000000003        25.643546679820819        2.6302486261779658     
   25.250000000000000        26.095713610590344        2.6026049186525255     
   25.300000000000001        26.556502743871778        2.5766050779954277     
   25.350000000000001        27.026049751473391        2.5522303362899859     
   25.400000000000002        27.504491723588401        2.5294643311239753     
   25.450000000000003        27.991967101268102        2.5082931319014308     
   25.500000000000000        28.488615601410277        2.4887052729400505     
   25.550000000000001        28.994578133596232        2.4706917937434287     
   25.600000000000001        29.509996708052679        2.4542462868775532     
   25.650000000000002        30.035014333952496        2.4393649539249713     
   25.700000000000003        30.569774907200049        2.4260466700381702     
   25.750000000000000        31.114423086772192        2.4142930576664190     
   25.800000000000001        31.669104158604284        2.4041085700880798     
   25.850000000000001        32.233963885920993        2.3955005854436928     
   25.900000000000002        32.809148344813579        2.3884795120345865     
   25.950000000000003        33.394803743757791        2.3830589057279399     
   26.000000000000000        33.991076225648676        2.3792556003928764     
   26.050000000000001        34.598111650799133        2.3770898523840249     
   26.100000000000001        35.216055359207402        2.3765855001899139     
   26.150000000000002        35.845051910242788        2.3777701404744969     
   26.200000000000003        36.485244797728079        2.3806753218620860     
   26.250000000000000        37.136776138209449        2.3853367579501112     
   26.300000000000001        37.799786329998447        2.3917945611817064     
   26.350000000000001        38.474413680344234        2.4000934993725069     
   26.400000000000002        39.160793997845275        2.4102832768647575     
   26.450000000000003        39.859060146936329        2.4224188424785167     
   26.500000000000000        40.569341560985748        2.4365607266462566     
   26.550000000000001        41.291763710207746        2.4527754103554540     
   26.600000000000001        42.026447520230931        2.4711357287860412     
   26.650000000000002        42.773508736764910        2.4917213128181910     
   26.700000000000003        43.533057231367856        2.5146190719034300     
   26.750000000000000        44.305196242835201        2.5399237221412458     
   26.800000000000001        45.090021548199537        2.5677383637872069     
   26.850000000000001        45.887620556749070        2.5981751128403139     
   26.900000000000002        46.698071319832522        2.6313557918202606     
   26.950000000000003        47.521441448516143        2.6674126853531148     
   27.000000000000000        48.357786930388563        2.7064893667403602     
   27.050000000000001        49.207150835965187        2.7487416022952131     
   27.100000000000001        50.069561904219746        2.7943383408955698     
   27.150000000000002        50.945032995759895        2.8434627969288440     
   27.200000000000003        51.833559401059645        2.8963136355941614     
   27.250000000000000        52.735116989957582        2.9531062703854851     
   27.300000000000001        53.649660187319270        3.0140742835084056     
   27.350000000000001        54.577119758338796        3.0794709809859762     
   27.400000000000002        55.517400385412870        3.1495710952865328     
   27.450000000000003        56.470378016855641        3.2246726494588622     
   27.500000000000000        57.435896965931278        3.3050989979853660     
   27.550000000000001        58.413766736762334        3.3912010608573286     
   27.600000000000001        59.403758551627213        3.4833597687298323     
   27.650000000000002        60.405601551995275        3.5819887384144984     
   27.700000000000003        61.418978643373606        3.6875371993973767     
   27.750000000000000        62.443521951673276        3.8004931935006692     
   27.800000000000001        63.478807856370715        3.9213870712046903     
   27.850000000000001        64.524351563279282        4.0507953094625426     
   27.900000000000002        65.579601177308291        4.1893446770112375     
   27.950000000000003        66.643931233241375        4.3377167741274034     
   28.000000000000000        67.716635640403766        4.4966529743878345     
   28.050000000000001        68.796919995228990        4.6669597961408664     
   28.100000000000001        69.883893214331522        4.8495147309046214     
   28.150000000000002        70.976558439939026        5.0452725545706540     
   28.200000000000003        72.073803169680772        5.2552721448431585     
   28.250000000000000        73.174388564075173        5.4806438244597686     
   28.300000000000001        74.276937887988865        5.7226172440222260     
   28.350000000000001        75.379924047321069        5.9825298102300897     
   28.400000000000002        76.481656189768728        6.2618356543748757     
   28.450000000000003        77.580265349440779        6.5621151214179401     
   28.500000000000000        78.673689130138158        6.8850847410169624     
   28.550000000000001        79.759655442279154        7.2326076175150318     
   28.600000000000001        80.835665334874676        7.6067041450433992     
   28.650000000000002        81.898974997972772        8.0095629152377601     
   28.700000000000003        82.946577054108701        8.4435516372011055     
   28.750000000000000        83.975181311208189        8.9112278307040107     
   28.800000000000001        84.981195215941185        9.4153489825441561     
   28.850000000000001        85.960704327665113        9.9588817708173973     
   28.900000000000002        86.909453230801660        10.545009860997936     
   28.950000000000003        87.822827419625725        11.177139659853808     
   29.000000000000000        88.695836825568790        11.858903277492880     
   29.050000000000001        89.523101814237222        12.594157794211061     
   29.100000000000001        90.298842657455296        13.386979758503088     
   29.150000000000002        91.016873683364778        14.241653658587996     
   29.200000000000003        91.670603521499771        15.162652917551915     
   29.250000000000000        92.253043083556236        16.154611770448881     
   29.300000000000001        92.756823144368482        17.222286203339081     
   29.350000000000001        93.174223596836569        18.370501987341434     
   29.400000000000002        93.497216629076945        19.604087749441842     
   29.450000000000003        93.717526185323479        20.927791016869882     
   29.500000000000000        93.826706090584636        22.346175291123153     
   29.550000000000001        93.816239102430103        23.863496495327517     
   29.600000000000001        93.677658855452265        25.483557643274231     
   29.650000000000002        93.402696135571404        27.209541349919157     
   29.700000000000003        92.983450114156952        29.043820886483790     
   29.750000000000000        92.412584045309927        30.987751910850577     
   29.800000000000001        91.683543459650963        33.041448784359382     
   29.850000000000001        90.790793078502674        35.203551491491147     
   29.900000000000002        89.730066567776163        37.470991530948766     
   29.950000000000003        88.498620948148655        39.838767603989133     
   30.000000000000000        87.095485136177473        42.299744276175154     
   30.050000000000001        85.521689933608556        44.844488749350361     
   30.100000000000001        83.780465090506667        47.461162112580347     
   30.150000000000002        81.877388159364770        50.135481579532943     
   30.200000000000003        79.820470048732375        52.850768924364573     
   30.250000000000000        77.620163740753895        55.588097345994399     
   30.300000000000001        75.289285709638563        58.326544229403780     
   30.350000000000001        72.842844148754878        61.043550866162732     
   30.400000000000002        70.297773949885567        63.715382546405380     
   30.450000000000003        67.672585019925634        66.317674209867633     
   30.500000000000000        64.986937312704598        68.826038925210369     
   30.550000000000001        62.261162122212859        71.216709835857486     
   30.600000000000001        59.515753949789470        73.467181794321618     
   30.650000000000002        56.770859972374666        75.556817410845696     
   30.700000000000003        54.045794403856029        77.467384005331922     
   30.750000000000000        51.358602792187732        79.183492863602922     
   30.800000000000001        48.725696818984019        80.692919702283461     
   30.850000000000001        46.161574055448739        81.986794426863597     
   30.900000000000002        43.678630162689231        83.059658014260634     
   30.950000000000003        41.287064044057402        83.909393548712842     
   31.000000000000000        38.994870216653950        84.537046145639195     
   31.050000000000001        36.807907731671563        84.946552071184655     
   31.100000000000001        34.730031652728769        85.144400523067674     
   31.150000000000002        32.763271458002549        85.139252342006074     
   31.200000000000003        30.908040612406889        84.941538705458171     
   31.250000000000000        29.163362660391584        84.563060119665849     
   31.300000000000001        27.527101146888526        84.016602338421620     
   31.350000000000001        25.996183108103413        83.315581737152115     
   31.400000000000002        24.566808455188507        82.473728609233945     
   31.450000000000003        23.234640046116194        81.504813157562623     
   31.500000000000000        21.994971431164259        80.422415832015503     
   31.550000000000001        20.842871070089291        79.239741204201110     
   31.600000000000001        19.773303223098310        77.969472778472436     
   31.650000000000002        18.781226728529376        76.623664955809033     
   31.700000000000003        17.861673542576430        75.213667703073824     
   31.750000000000000        17.009809290193235        73.750079228342813     
   31.800000000000001        16.220978225138882        72.242722018286969     
   31.850000000000001        15.490734981171748        70.700637861015664     
   31.900000000000002        14.814865368149013        69.132097877602661     
   31.950000000000003        14.189398269200153        67.544624054657376     
   32.000000000000000        13.610610461455479        65.945019261756741     
   32.050000000000004        13.075025937374285        64.339403218388057     
   32.100000000000001        12.579411063322539        62.733252323940526     
   32.149999999999999        12.120766687422114        61.131441668925135     
   32.200000000000003        11.696318105928535        59.538287900382137     
   32.250000000000000        11.303503619223992        57.957591918415801     
   32.300000000000004        10.939962255348465        56.392680636111088     
   32.350000000000001        10.603521109744397        54.846447245715467     
   32.399999999999999        10.292182642582999        53.321389604834806     
   32.450000000000003        10.004112187251527        51.819646492740716     
   32.500000000000000        9.7376258527473833        50.343031593872567     
   32.550000000000004        9.4911789463382803        48.893065148053907     
   32.600000000000001        9.2633549985728063        47.471003269164882     
   32.649999999999999        9.0528554384632258        46.077864979820049     
   32.700000000000003        8.8584899405737652        44.714457042256711     
   32.750000000000000        8.6791674462551409        43.381396687893016     
   32.800000000000004        8.5138878470381645        42.079132362154184     
   32.850000000000001        8.3617343081273727        40.807962609064532     
   32.899999999999999        8.2218662031083163        39.568053223283151     
   32.950000000000003        8.0935126266574215        38.359452796941781     
   33.000000000000000        7.9759664496235416        37.182106785792307     
   33.050000000000004        7.8685788798579717        36.035870214548488     
   33.100000000000001        7.7707544922270264        34.920519135501905     
   33.149999999999999        7.6819466920518993        33.835760947958676     
   33.200000000000003        7.6016535775540888        32.781243679123932     
   33.250000000000000        7.5294141685640010        31.756564320010416     
   33.300000000000004        7.4648049706405990        30.761276302952460     
   33.350000000000001        7.4074368457499613        29.794896200499426     
   33.399999999999999        7.3569521626854932        28.856909718934126     
   33.450000000000003        7.3130222024282272        27.946777053471131     
   33.500000000000000        7.2753447956038508        27.063937666371622     
   33.550000000000004        7.2436421710680046        26.207814543782519     
   33.600000000000001        7.2176589964263291        25.377817982071473     
   33.649999999999999        7.1971605929612128        24.573348949779831     
   33.700000000000003        7.1819313089887880        23.793802067040296     
   33.750000000000000        7.1717730371069210        23.038568240387363     
   33.800000000000004        7.1665038621198596        22.307036987307075     
   33.850000000000001        7.1659568276418470        21.598598481606370     
   33.899999999999999        7.1699788104956559        20.912645347709571     
   33.950000000000003        7.1784294930386032        20.248574229288092     
   34.000000000000000        7.1911804244745738        19.605787155177797     
   34.050000000000004        7.2081141630524774        18.983692723316100     
   34.100000000000001        7.2291234918158027        18.381707121418014     
   34.149999999999999        7.2541107012608697        17.799255001288749     
   34.200000000000003        7.2829869328890044        17.235770222022836     
   34.250000000000000        7.3156715782058708        16.690696475850238     
   34.300000000000004        7.3520917282349378        16.163487809043886     
   34.350000000000001        7.3921816690765070        15.653609049086901     
   34.399999999999999        7.4358824194634057        15.160536148199471     
   34.450000000000003        7.4831413066436836        14.683756452333226     
   34.500000000000000        7.5339115772631793        14.222768903845221     
   34.550000000000004        7.5881520402302813        13.777084185254719     
   34.600000000000001        7.6458267388247405        13.346224810755498     
   34.649999999999999        7.7069046495649234        12.929725171496898     
   34.700000000000003        7.7713594055761037        12.527131540051114     
   34.750000000000000        7.8391690424086153        12.138002038946382     
   34.800000000000004        7.9103157644411510        11.761906577659856     
   34.850000000000001        7.9847857301730656        11.398426762025100     
   34.899999999999999        8.0625688548620786        11.047155779612753     
   34.950000000000003        8.1436586291017701        10.707698264284751     
   35.000000000000000        8.2280519520582054        10.379670142798908     
   35.050000000000004        8.3157489781981884        10.062698466048284     
   35.100000000000001        8.4067529764441495        9.7564212272555544     
   35.149999999999999        8.5010702007836301        9.4604871692038053     
   35.200000000000003        8.5987097714455842        9.1745555823693916     
   35.250000000000000        8.6996835658322116        8.8982960956274955     
   35.300000000000004        8.8040061184644163        8.6313884610247236     
   35.350000000000001        8.9116945292620819        8.3735223339538400     
   35.399999999999999        9.0227683795375722        8.1243970499217451     
   35.450000000000003        9.1372496551329991        7.8837213989717743     
   35.500000000000000        9.2551626761791184        7.6512133987038586     
   35.550000000000004        9.3765340329968225        7.4266000667299457     
   35.600000000000001        9.5013925277014497        7.2096171933062196     
   35.649999999999999        9.6297691211058041        7.0000091147970949     
   35.700000000000003        9.7616968845504033        6.7975284885478526     
   35.750000000000000        9.8972109563190624        6.6019360696723073     
   35.800000000000004        10.036348502325030        6.4130004901983328     
   35.850000000000001        10.179148680777526        6.2304980409568094     
   35.899999999999999        10.325652610561054        6.0542124565479494     
   35.950000000000003        10.475903343080368        5.8839347036725407     
   36.000000000000000        10.629945837342737        5.7194627730738858     
   36.050000000000004        10.787826938066218        5.5606014752987027     
   36.100000000000001        10.949595356618264        5.4071622404515987     
   36.149999999999999        11.115301654603215        5.2589629220875613     
   36.200000000000003        11.284998229930180        5.1158276053599128     
   36.250000000000000        11.458739305204688        4.9775864195170687     
   36.300000000000004        11.636580918298197        4.8440753548199300     
   36.350000000000001        11.818580914959391        4.7151360839326326     
   36.399999999999999        12.004798943340090        4.5906157878223981     
   36.450000000000003        12.195296450316668        4.4703669861892310     
   36.500000000000000        12.390136679495196        4.3542473724330009     
   36.550000000000004        12.589384670795123        4.2421196531538286     
   36.600000000000001        12.793107261512267        4.1338513921716036     
   36.649999999999999        13.001373088767190        4.0293148590416621     
   36.700000000000003        13.214252593249798        3.9283868820361212     
   36.750000000000000        13.431818024175215        3.8309487055539240     
   36.800000000000004        13.654143445369641        3.7368858519172505     
   36.850000000000001        13.881304742408163        3.6460879875074585     
   36.899999999999999        14.113379630729154        3.5584487931901085     
   36.950000000000003        14.350447664652272        3.4738658389757799     
   37.000000000000000        14.592590247228863        3.3922404628612721     
   37.050000000000004        14.839890640855067        3.3134776537943282     
   37.100000000000001        15.092433978578956        3.2374859387041841     
   37.149999999999999        15.350307276033652        3.1641772735399800     
   37.200000000000003        15.613599443928651        3.0934669382593323     
   37.250000000000000        15.882401301031416        3.0252734357101385     
   37.300000000000004        16.156805587570748        2.9595183943499199     
   37.350000000000001        16.436906978992500        2.8961264747486943     
   37.399999999999999        16.722802099996869        2.8350252798234905     
   37.450000000000003        17.014589538784701        2.7761452687551356     
   37.500000000000000        17.312369861438047        2.7194196745408910     
   37.550000000000004        17.616245626357589        2.6647844251398278     
   37.600000000000001        17.926321398676425        2.6121780681715649     
   37.649999999999999        18.242703764566066        2.5615416991330986     
   37.700000000000003        18.565501345346494        2.5128188931029740     
   37.750000000000000        18.894824811307341        2.4659556399069658     
   37.800000000000004        19.230786895142121        2.4209002827247801     
   37.850000000000001        19.573502404891574        2.3776034601230700     
   37.899999999999999        19.923088236285651        2.3360180515062927     
   37.950000000000003        20.279663384366490        2.2960991259836656     
   38.000000000000000        20.643348954266788        2.2578038946577159     
   38.050000000000004        21.014268171009132        2.2210916663477098     
   38.100000000000001        21.392546388182247        2.1859238067696314     
   38.149999999999999        21.778311095339472        2.1522637012034100     
   38.200000000000003        22.171691923953080        2.1200767206878099     
   38.250000000000000        22.572820651745353        2.0893301917938691     
   38.300000000000004        22.981831205203211        2.0599933700390776     
   38.350000000000001        23.398859660067913        2.0320374170166686     
   38.400000000000006        23.824044239574501        2.0054353813275867     
   38.450000000000003        24.257525310197238        1.9801621834169516     
   38.500000000000000        24.699445374637186        1.9561946044322809     
   38.550000000000004        25.149949061765980        1.9335112792374889     
   38.600000000000001        25.609183113215696        1.9120926937348670     
   38.650000000000006        26.077296366278308        1.8919211866670191     
   38.700000000000003        26.554439732749227        1.8729809560922508     
   38.750000000000000        27.040766173317749        1.8552580707503552     
   38.800000000000004        27.536430667072437        1.8387404865613235     
   38.850000000000001        28.041590175651390        1.8234180685274430     
   38.900000000000006        28.556403601525581        1.8092826183397943     
   38.950000000000003        29.081031739857600        1.7963279080235866     
   39.000000000000000        29.615637223327891        1.7845497199934015     
   39.050000000000004        30.160384459265302        1.7739458939295845     
   39.100000000000001        30.715439558358199        1.7645163809311142     
   39.150000000000006        31.280970254155665        1.7562633054487335     
   39.200000000000003        31.857145812495098        1.7491910355554028     
   39.250000000000000        32.444136929911856        1.7433062621697784     
   39.300000000000004        33.042115619997958        1.7386180879130178     
   39.350000000000001        33.651255086579070        1.7351381263504233     
   39.400000000000006        34.271729582471458        1.7328806124480014     
   39.450000000000003        34.903714252461889        1.7318625251607527     
   39.500000000000000        35.547384959022715        1.7321037231653365     
   39.550000000000004        36.202918089129909        1.7336270948556942     
   39.600000000000001        36.870490340392479        1.7364587238374094     
   39.650000000000006        37.550278484525712        1.7406280712863060     
   39.700000000000003        38.242459106006059        1.7461681766804531     
   39.750000000000000        38.947208313530474        1.7531158785739456     
   39.800000000000004        39.664701421665072        1.7615120572573286     
   39.850000000000001        40.395112599804747        1.7714019013453048     
   39.900000000000006        41.138614485273905        1.7828352005495995     
   39.950000000000003        41.895377757075622        1.7958666671360120     
   40.000000000000000        42.665570666438995        1.8105562888324769     
   40.050000000000004        43.449358519917872        1.8269697162524254     
   40.100000000000001        44.246903110354758        1.8451786882282561     
   40.150000000000006        45.058362090536178        1.8652614988170273     
   40.200000000000003        45.883888283825009        1.8873035101487392     
   40.250000000000000        46.723628925455394        1.9113977157413640     
   40.300000000000004        47.577724827509932        1.9376453594111973     
   40.350000000000001        48.446309459860039        1.9661566154677534     
   40.400000000000006        49.329507938530206        1.9970513365054567     
   40.450000000000003        50.227435912036846        2.0304598757965659     
   40.500000000000000        51.140198335242545        2.0665239920584733     
   40.550000000000004        52.067888119146254        2.1053978452217774     
   40.600000000000001        53.010584643787602        2.1472490927720131     
   40.650000000000006        53.968352120066420        2.1922600972869355     
   40.700000000000003        54.941237784753120        2.2406292569527437     
   40.750000000000000        55.929269911276982        2.2925724721270440     
   40.800000000000004        56.932455617012167        2.3483247624345513     
   40.850000000000001        57.950778445718917        2.4081420504446736     
   40.900000000000006        58.984195701522680        2.4723031296992581     
   40.950000000000003        60.032635508309461        2.5411118367446468     
   41.000000000000000        61.095993565663974        2.6148994488845290     
   41.050000000000004        62.174129569461343        2.6940273316171308     
   41.100000000000001        63.266863261927647        2.7788898621576479     
   41.150000000000006        64.373970072396489        2.8699176580764116     
   41.200000000000003        65.495176306098926        2.9675811429016359     
   41.250000000000000        66.630153834128876        3.0723944835317347     
   41.300000000000004        67.778514233230865        3.1849199374551227     
   41.350000000000001        68.939802319277220        3.3057726510504408     
   41.400000000000006        70.113489013269628        3.4356259535846978     
   41.450000000000003        71.298963473467708        3.5752171948648539     
   41.500000000000000        72.495524421894018        3.7253541777233714     
   41.550000000000004        73.702370588106419        3.8869222394846612     
   41.600000000000001        74.918590187925005        4.0608920390717094     
   41.650000000000006        76.143149349972660        4.2483281082118953     
   41.700000000000003        77.374879398729036        4.4503982259502104     
   41.750000000000000        78.612462899695956        4.6683836749398351     
   41.800000000000004        79.854418370733654        4.9036904351948793     
   41.850000000000001        81.099083564302489        5.1578613654480190     
   41.900000000000006        82.344597229063467        5.4325894130637318     
   41.950000000000003        83.588879267100168        5.7297318795020482     
   42.000000000000000        84.829609216231560        6.0513257482321325     
   42.050000000000004        86.064203007109015        6.3996040540754109     
   42.100000000000001        87.289787974011531        6.7770132351753389     
   42.150000000000006        88.503176138869151        7.1862313587060136     
   42.200000000000003        89.700835842920455        7.6301870461673822     
   42.250000000000000        90.878861872917710        8.1120788403334654     
   42.300000000000004        92.032944322832478        8.6353946498305749     
   42.350000000000001        93.158336551995546        9.2039307747322141     
   42.400000000000006        94.249822751375561        9.8218098529942832     
   42.450000000000003        95.301685816388087        10.493496868493155     
   42.500000000000000        96.307676452354087        11.223812122661943     
   42.550000000000004        97.260984712157736        12.017939789923677     
   42.600000000000001        98.154215488311280        12.881430350682431     
   42.650000000000006        98.979369854920421        13.820194825807622     
   42.700000000000003        99.727834576896498        14.840488328995637     
   42.750000000000000        100.39038256689268        15.948880020179876     
   42.800000000000004        100.95718756011580        17.152206105195404     
   42.850000000000001        101.41785676854583        18.457502116791360     
   42.900000000000006        101.76148573127819        19.871910377186005     
   42.950000000000003        101.97673994270585        21.402558347720383     
   43.000000000000000        102.05196804244983        23.056403601677239     
   43.050000000000004        101.97535129769415        24.840041517188737     
   43.100000000000001        101.73509368820974        26.759472601316549     
   43.150000000000006        101.31965599083867        28.819827757362312     
   43.200000000000003        100.71803572329920        31.025051925621455     
   43.250000000000000        99.920092529499229        33.377549468474903     
   43.300000000000004        98.916915490910938        35.877798483288480     
   43.350000000000001        97.701224923190381        38.523945865161650     
   43.400000000000006        96.267796566682946        41.311400220892068     
   43.450000000000003        94.613890955671295        44.232445289524172     
   43.500000000000000        92.739665585328382        47.275901779557422     
   43.550000000000004        90.648542905383650        50.426869709469415     
   43.600000000000001        88.347503931407047        53.666585503060617     
   43.650000000000006        85.847276233712265        56.972427266322434     
   43.700000000000003        83.162387042346936        60.318097009066022     
   43.750000000000000        80.311057766107609        63.673999572457710     
   43.800000000000004        77.314925511409029        67.007824759578980     
   43.850000000000001        74.198589763423442        70.285322467799489     
   43.900000000000006        70.988997155492072        73.471242118255702     
   43.950000000000003        67.714692503859311        76.530389668795905     
   44.000000000000000        64.404977951631608        79.428740622178097     
   44.050000000000004        61.089032068404933        82.134538193153858     
   44.100000000000001        57.795045428528148        84.619303980932727     
   44.150000000000006        54.549427677861082        86.858694777554376     
   44.200000000000003        51.376133551177844        88.833152847576699     
   44.250000000000000        48.296142882309731        90.528316204065760     
   44.300000000000004        45.327114278882476        91.935177280146050     
   44.350000000000001        42.483216081273021        93.049999873307371     
   44.400000000000006        39.775123642830941        93.874022570375899     
   44.450000000000003        37.210160503074185        94.412990102727989     
   44.500000000000000        34.792553596566236        94.676561342789100     
   44.550000000000004        32.523769405115758        94.677644075094875     
   44.600000000000001        30.402898444865070        94.431703205817229     
   44.650000000000006        28.427058799766360        93.956082132639452     
   44.700000000000003        26.591794523469954        93.269368129388852     
   44.750000000000000        24.891450632587230        92.390823207689280     
   44.800000000000004        23.319512288455673        91.339893086447844     
   44.850000000000001        21.868901040367160        90.135799336452038     
   44.900000000000006        20.532225355766119        88.797213820940499     
   44.950000000000003        19.301985975014833        87.342010285156846     
   45.000000000000000        18.170738933785099        85.787085221645654     
   45.050000000000004        17.131220521761684        84.148238704001798     
   45.100000000000001        16.176439162772397        82.440105447727120     
   45.150000000000006        15.299739387203070        80.676126636560554     
   45.200000000000003        14.494842886250705        78.868553794924964     
   45.250000000000000        13.755871226255122        77.028476988985602     
   45.300000000000004        13.077354266738119        75.165870747629299     
   45.350000000000001        12.454227745572354        73.289652203733667     
   45.400000000000006        11.881822921613582        71.407746996870429     
   45.450000000000003        11.355850631915212        69.527159412135148     
   45.500000000000000        10.872381645095979        67.654044038690486     
   45.550000000000004        10.427824781775463        65.793776913078204     
   45.600000000000001        10.018903927457025        63.951024672860378     
   45.650000000000006        9.6426347787815860        62.129810697359098     
   45.700000000000003        9.2963019343551743        60.333577568215453     
   45.750000000000000        8.9774367590743704        58.565245457710951     
   45.800000000000004        8.6837963086624548        56.827266261152793     
   45.850000000000001        8.4133434920514638        55.121673443676471     
   45.900000000000006        8.1642285670827253        53.450127682530010     
   45.950000000000003        7.9347720043582139        51.813958462586356     
   46.000000000000000        7.7234487103990990        50.214201833218823     
   46.050000000000004        7.5288735707811849        48.651634565078304     
   46.100000000000001        7.3497882535447561        47.126804960795432     
   46.150000000000006        7.1850492004504032        45.640060578205194     
   46.200000000000003        7.0336167266162217        44.191573121487195     
   46.250000000000000        6.8945451461925895        42.781360747047422     
   46.300000000000004        6.7669738418212768        41.409308018874107     
   46.350000000000001        6.6501191977763430        40.075183733860989     
   46.400000000000006        6.5432673202062919        38.778656822223972     
   46.450000000000003        6.4457674722753655        37.519310512380592     
   46.500000000000000        6.3570261568568904        36.296654934038010     
   46.550000000000004        6.2765017844882074        35.110138318103139     
   46.600000000000001        6.2036998693597871        33.959156937622588     
   46.650000000000006        6.1381687010461672        32.843063920423461     
   46.700000000000003        6.0794954444043334        31.761177051534357     
   46.750000000000000        6.0273026245108650        30.712785671846220     
   46.800000000000004        5.9812449576519198        29.697156768818740     
   46.850000000000001        5.9410064932071887        28.713540345319242     
   46.900000000000006        5.9062980347799012        27.761174143852845     
   46.950000000000003        5.8768548121281237        26.839287795450648     
   47.000000000000000        5.8524343783617780        25.947106455267718     
   47.050000000000004        5.8328147095024079        25.083853980444243     
   47.100000000000001        5.8177924858779102        24.248755699940727     
   47.150000000000006        5.8071815369622435        23.441040820813495     
   47.200000000000003        5.8008114331904848        22.659944510694348     
   47.250000000000000        5.7985262100019002        21.904709692026064     
   47.300000000000004        5.8001832109064537        21.174588579835149     
   47.350000000000001        5.8056520377507033        20.468843991450623     
   47.400000000000006        5.8148135975935329        19.786750453561606     
   47.450000000000003        5.8275592367053761        19.127595129310485     
   47.500000000000000        5.8437899531902104        18.490678585708821     
   47.550000000000004        5.8634156806098501        17.875315419509548     
   47.600000000000001        5.8863546357762129        17.280834757744508     
   47.650000000000006        5.9125327245792922        16.706580647416192     
   47.700000000000003        5.9418830003456122        16.151912347295156     
   47.750000000000000        5.9743451697821000        15.616204533399960     
   47.800000000000004        6.0098651420608249        15.098847428507627     
   47.850000000000001        6.0483946170474470        14.599246864943296     
   47.900000000000006        6.0898907090762613        14.116824288914605     
   47.950000000000003        6.1343156030325989        13.651016713776427     
   48.000000000000000        6.1816362398236260        13.201276628824166     
   48.050000000000004        6.2318240286054039        12.767071869508806     
   48.100000000000001        6.2848545833910148        12.347885454335559     
   48.150000000000006        6.3407074818949258        11.943215393142482     
   48.200000000000003        6.3993660446753875        11.552574470948697     
   48.250000000000000        6.4608171328221182        11.175490011107792     
   48.300000000000004        6.5250509626030855        10.811503621094920     
   48.350000000000001        6.5920609356339028        10.460170923891161     
   48.400000000000006        6.6618434832679645        10.121061277601443     
   48.450000000000003        6.7343979240266023        9.7937574856488059     
   48.500000000000000        6.8097263329976432        9.4778554996244804     
   48.550000000000004        6.8878334222290638        9.1729641166370808     
   48.600000000000001        6.9687264312331019        8.8787046727923098     
   48.650000000000006        7.0524150267962025        8.5947107342444546     
   48.700000000000003        7.1389112113624220        8.3206277870904355     
   48.750000000000000        7.2282292393232259        8.0561129272241665     
   48.800000000000004        7.3203855406056659        7.8008345511317687     
   48.850000000000001        7.4153986510043630        7.5544720484851542     
   48.900000000000006        7.5132891487511246        7.3167154972811401     
   48.950000000000003        7.6140795968598871        7.0872653621744206     
   49.000000000000000        7.7177944908244491        6.8658321965641349     
   49.050000000000004        7.8244602112825659        6.6521363489144578     
   49.100000000000001        7.9341049812927409        6.4459076737186605     
   49.150000000000006        8.0467588278998541        6.2468852474526209     
   49.200000000000003        8.1624535476928397        6.0548170898070275     
   49.250000000000000        8.2812226760822671        5.8694598904368869     
   49.300000000000004        8.4031014600481271        5.6905787414217821     
   49.350000000000001        8.5281268341285390        5.5179468755900887     
   49.400000000000006        8.6563373994387351        5.3513454108245826     
   49.450000000000003        8.7877734055266625        5.1905631004350798     
   49.500000000000000        8.9224767348870202        5.0353960896555821     
   49.550000000000004        9.0604908899697172        4.8856476782984783     
   49.600000000000001        9.2018609825316187        4.7411280895763586     
   49.650000000000006        9.3466337251922766        4.6016542450826421     
   49.700000000000003        9.4948574250650850        4.4670495459052493     
   49.750000000000000        9.6465819793451555        4.3371436598327060     
   49.800000000000004        9.8018588727442229        4.2117723145991643     
   49.850000000000001        9.9607411766710747        4.0907770971036683     
   49.900000000000006        10.123283550063563        3.9740052585293646     
   49.950000000000003        10.289542241785057        3.8613095252801863     
   50.000000000000000        10.459575094504505        3.7525479156455890     
